T,E,Scenario,Agent_type,Distribution,Num_agents,Trading,Move_prob,Run_number
1000.0,0.0,Baseline,pathfind_neighbor,RandomGrid,100,True,0.8,2
1000.0,0.0,Baseline,pathfind_neighbor,RandomGrid,100,True,0.8,2
1000.0,0.0,Baseline,pathfind_neighbor,RandomGrid,100,True,0.8,2
1000.0,0.0,Baseline,pathfind_neighbor,RandomGrid,100,True,0.8,2
448.0,1.0,Baseline,pathfind_neighbor,RandomGrid,100,True,0.8,2
1000.0,0.0,Baseline,pathfind_neighbor,RandomGrid,100,True,0.8,2
1000.0,0.0,Baseline,pathfind_neighbor,RandomGrid,100,True,0.8,2
287.0,1.0,Baseline,pathfind_neighbor,RandomGrid,100,True,0.8,2
1000.0,0.0,Baseline,pathfind_neighbor,RandomGrid,100,True,0.8,2
1000.0,0.0,Baseline,pathfind_neighbor,RandomGrid,100,True,0.8,2
669.0,1.0,Baseline,pathfind_neighbor,RandomGrid,100,True,0.8,2
739.0,1.0,Baseline,pathfind_neighbor,RandomGrid,100,True,0.8,2
1000.0,0.0,Baseline,pathfind_neighbor,RandomGrid,100,True,0.8,2
448.0,1.0,Baseline,pathfind_neighbor,RandomGrid,100,True,0.8,2
1000.0,0.0,Baseline,pathfind_neighbor,RandomGrid,100,True,0.8,2
1000.0,0.0,Baseline,pathfind_neighbor,RandomGrid,100,True,0.8,2
204.0,1.0,Baseline,pathfind_neighbor,RandomGrid,100,True,0.8,2
1000.0,0.0,Baseline,pathfind_neighbor,RandomGrid,100,True,0.8,2
911.0,1.0,Baseline,pathfind_neighbor,RandomGrid,100,True,0.8,2
416.0,1.0,Baseline,pathfind_neighbor,RandomGrid,100,True,0.8,2
181.0,1.0,Baseline,pathfind_neighbor,RandomGrid,100,True,0.8,2
1000.0,0.0,Baseline,pathfind_neighbor,RandomGrid,100,True,0.8,2
156.0,1.0,Baseline,pathfind_neighbor,RandomGrid,100,True,0.8,2
1000.0,0.0,Baseline,pathfind_neighbor,RandomGrid,100,True,0.8,2
1000.0,0.0,Baseline,pathfind_neighbor,RandomGrid,100,True,0.8,2
805.0,1.0,Baseline,pathfind_neighbor,RandomGrid,100,True,0.8,2
566.0,1.0,Baseline,pathfind_neighbor,RandomGrid,100,True,0.8,2
823.0,1.0,Baseline,pathfind_neighbor,RandomGrid,100,True,0.8,2
478.0,1.0,Baseline,pathfind_neighbor,RandomGrid,100,True,0.8,2
1000.0,0.0,Baseline,pathfind_neighbor,RandomGrid,100,True,0.8,2
1000.0,0.0,Baseline,pathfind_neighbor,RandomGrid,100,True,0.8,2
1000.0,0.0,Baseline,pathfind_neighbor,RandomGrid,100,True,0.8,2
1000.0,0.0,Baseline,pathfind_neighbor,RandomGrid,100,True,0.8,2
1000.0,0.0,Baseline,pathfind_neighbor,RandomGrid,100,True,0.8,2
548.0,1.0,Baseline,pathfind_neighbor,RandomGrid,100,True,0.8,2
1000.0,0.0,Baseline,pathfind_neighbor,RandomGrid,100,True,0.8,2
731.0,1.0,Baseline,pathfind_neighbor,RandomGrid,100,True,0.8,2
1000.0,0.0,Baseline,pathfind_neighbor,RandomGrid,100,True,0.8,2
1000.0,0.0,Baseline,pathfind_neighbor,RandomGrid,100,True,0.8,2
565.0,1.0,Baseline,pathfind_neighbor,RandomGrid,100,True,0.8,2
922.0,1.0,Baseline,pathfind_neighbor,RandomGrid,100,True,0.8,2
1000.0,0.0,Baseline,pathfind_neighbor,RandomGrid,100,True,0.8,2
300.0,1.0,Baseline,pathfind_neighbor,RandomGrid,100,True,0.8,2
1000.0,0.0,Baseline,pathfind_neighbor,RandomGrid,100,True,0.8,2
1000.0,0.0,Baseline,pathfind_neighbor,RandomGrid,100,True,0.8,2
1000.0,0.0,Baseline,pathfind_neighbor,RandomGrid,100,True,0.8,2
893.0,1.0,Baseline,pathfind_neighbor,RandomGrid,100,True,0.8,2
1000.0,0.0,Baseline,pathfind_neighbor,RandomGrid,100,True,0.8,2
601.0,1.0,Baseline,pathfind_neighbor,RandomGrid,100,True,0.8,2
1000.0,0.0,Baseline,pathfind_neighbor,RandomGrid,100,True,0.8,2
1000.0,0.0,Baseline,pathfind_neighbor,RandomGrid,100,True,0.8,2
1000.0,0.0,Baseline,pathfind_neighbor,RandomGrid,100,True,0.8,2
457.0,1.0,Baseline,pathfind_neighbor,RandomGrid,100,True,0.8,2
376.0,1.0,Baseline,pathfind_neighbor,RandomGrid,100,True,0.8,2
723.0,1.0,Baseline,pathfind_neighbor,RandomGrid,100,True,0.8,2
463.0,1.0,Baseline,pathfind_neighbor,RandomGrid,100,True,0.8,2
348.0,1.0,Baseline,pathfind_neighbor,RandomGrid,100,True,0.8,2
1000.0,0.0,Baseline,pathfind_neighbor,RandomGrid,100,True,0.8,2
1000.0,0.0,Baseline,pathfind_neighbor,RandomGrid,100,True,0.8,2
957.0,1.0,Baseline,pathfind_neighbor,RandomGrid,100,True,0.8,2
562.0,1.0,Baseline,pathfind_neighbor,RandomGrid,100,True,0.8,2
1000.0,0.0,Baseline,pathfind_neighbor,RandomGrid,100,True,0.8,2
1000.0,0.0,Baseline,pathfind_neighbor,RandomGrid,100,True,0.8,2
463.0,1.0,Baseline,pathfind_neighbor,RandomGrid,100,True,0.8,2
770.0,1.0,Baseline,pathfind_neighbor,RandomGrid,100,True,0.8,2
1000.0,0.0,Baseline,pathfind_neighbor,RandomGrid,100,True,0.8,2
728.0,1.0,Baseline,pathfind_neighbor,RandomGrid,100,True,0.8,2
1000.0,0.0,Baseline,pathfind_neighbor,RandomGrid,100,True,0.8,2
1000.0,0.0,Baseline,pathfind_neighbor,RandomGrid,100,True,0.8,2
1000.0,0.0,Baseline,pathfind_neighbor,RandomGrid,100,True,0.8,2
1000.0,0.0,Baseline,pathfind_neighbor,RandomGrid,100,True,0.8,2
228.0,1.0,Baseline,pathfind_neighbor,RandomGrid,100,True,0.8,2
1000.0,0.0,Baseline,pathfind_neighbor,RandomGrid,100,True,0.8,2
572.0,1.0,Baseline,pathfind_neighbor,RandomGrid,100,True,0.8,2
1000.0,0.0,Baseline,pathfind_neighbor,RandomGrid,100,True,0.8,2
1000.0,0.0,Baseline,pathfind_neighbor,RandomGrid,100,True,0.8,2
1000.0,0.0,Baseline,pathfind_neighbor,RandomGrid,100,True,0.8,2
1000.0,0.0,Baseline,pathfind_neighbor,RandomGrid,100,True,0.8,2
920.0,1.0,Baseline,pathfind_neighbor,RandomGrid,100,True,0.8,2
498.0,1.0,Baseline,pathfind_neighbor,RandomGrid,100,True,0.8,2
1000.0,0.0,Baseline,pathfind_neighbor,RandomGrid,100,True,0.8,2
591.0,1.0,Baseline,pathfind_neighbor,RandomGrid,100,True,0.8,2
1000.0,0.0,Baseline,pathfind_neighbor,RandomGrid,100,True,0.8,2
1000.0,0.0,Baseline,pathfind_neighbor,RandomGrid,100,True,0.8,2
1000.0,0.0,Baseline,pathfind_neighbor,RandomGrid,100,True,0.8,2
1000.0,0.0,Baseline,pathfind_neighbor,RandomGrid,100,True,0.8,2
1000.0,0.0,Baseline,pathfind_neighbor,RandomGrid,100,True,0.8,2
1000.0,0.0,Baseline,pathfind_neighbor,RandomGrid,100,True,0.8,2
1000.0,0.0,Baseline,pathfind_neighbor,RandomGrid,100,True,0.8,2
318.0,1.0,Baseline,pathfind_neighbor,RandomGrid,100,True,0.8,2
1000.0,0.0,Baseline,pathfind_neighbor,RandomGrid,100,True,0.8,2
1000.0,0.0,Baseline,pathfind_neighbor,RandomGrid,100,True,0.8,2
1000.0,0.0,Baseline,pathfind_neighbor,RandomGrid,100,True,0.8,2
905.0,1.0,Baseline,pathfind_neighbor,RandomGrid,100,True,0.8,2
1000.0,0.0,Baseline,pathfind_neighbor,RandomGrid,100,True,0.8,2
589.0,1.0,Baseline,pathfind_neighbor,RandomGrid,100,True,0.8,2
1000.0,0.0,Baseline,pathfind_neighbor,RandomGrid,100,True,0.8,2
1000.0,0.0,Baseline,pathfind_neighbor,RandomGrid,100,True,0.8,2
396.0,1.0,Baseline,pathfind_neighbor,RandomGrid,100,True,0.8,2
385.0,1.0,Baseline,pathfind_neighbor,RandomGrid,100,True,0.8,2
