T,E,Scenario,Agent_type,Distribution,Num_agents,Trading,Move_prob,Run_number
141.0,1.0,Baseline,pathfind_neighbor,Sides,300,True,1,0
190.0,1.0,Baseline,pathfind_neighbor,Sides,300,True,1,0
111.0,1.0,Baseline,pathfind_neighbor,Sides,300,True,1,0
171.0,1.0,Baseline,pathfind_neighbor,Sides,300,True,1,0
141.0,1.0,Baseline,pathfind_neighbor,Sides,300,True,1,0
200.0,1.0,Baseline,pathfind_neighbor,Sides,300,True,1,0
111.0,1.0,Baseline,pathfind_neighbor,Sides,300,True,1,0
151.0,1.0,Baseline,pathfind_neighbor,Sides,300,True,1,0
101.0,1.0,Baseline,pathfind_neighbor,Sides,300,True,1,0
151.0,1.0,Baseline,pathfind_neighbor,Sides,300,True,1,0
131.0,1.0,Baseline,pathfind_neighbor,Sides,300,True,1,0
181.0,1.0,Baseline,pathfind_neighbor,Sides,300,True,1,0
190.0,1.0,Baseline,pathfind_neighbor,Sides,300,True,1,0
151.0,1.0,Baseline,pathfind_neighbor,Sides,300,True,1,0
190.0,1.0,Baseline,pathfind_neighbor,Sides,300,True,1,0
111.0,1.0,Baseline,pathfind_neighbor,Sides,300,True,1,0
161.0,1.0,Baseline,pathfind_neighbor,Sides,300,True,1,0
151.0,1.0,Baseline,pathfind_neighbor,Sides,300,True,1,0
171.0,1.0,Baseline,pathfind_neighbor,Sides,300,True,1,0
131.0,1.0,Baseline,pathfind_neighbor,Sides,300,True,1,0
111.0,1.0,Baseline,pathfind_neighbor,Sides,300,True,1,0
101.0,1.0,Baseline,pathfind_neighbor,Sides,300,True,1,0
151.0,1.0,Baseline,pathfind_neighbor,Sides,300,True,1,0
200.0,1.0,Baseline,pathfind_neighbor,Sides,300,True,1,0
200.0,1.0,Baseline,pathfind_neighbor,Sides,300,True,1,0
161.0,1.0,Baseline,pathfind_neighbor,Sides,300,True,1,0
161.0,1.0,Baseline,pathfind_neighbor,Sides,300,True,1,0
111.0,1.0,Baseline,pathfind_neighbor,Sides,300,True,1,0
151.0,1.0,Baseline,pathfind_neighbor,Sides,300,True,1,0
131.0,1.0,Baseline,pathfind_neighbor,Sides,300,True,1,0
121.0,1.0,Baseline,pathfind_neighbor,Sides,300,True,1,0
161.0,1.0,Baseline,pathfind_neighbor,Sides,300,True,1,0
121.0,1.0,Baseline,pathfind_neighbor,Sides,300,True,1,0
101.0,1.0,Baseline,pathfind_neighbor,Sides,300,True,1,0
171.0,1.0,Baseline,pathfind_neighbor,Sides,300,True,1,0
121.0,1.0,Baseline,pathfind_neighbor,Sides,300,True,1,0
200.0,1.0,Baseline,pathfind_neighbor,Sides,300,True,1,0
151.0,1.0,Baseline,pathfind_neighbor,Sides,300,True,1,0
101.0,1.0,Baseline,pathfind_neighbor,Sides,300,True,1,0
134.0,1.0,Baseline,pathfind_neighbor,Sides,300,True,1,0
121.0,1.0,Baseline,pathfind_neighbor,Sides,300,True,1,0
141.0,1.0,Baseline,pathfind_neighbor,Sides,300,True,1,0
101.0,1.0,Baseline,pathfind_neighbor,Sides,300,True,1,0
171.0,1.0,Baseline,pathfind_neighbor,Sides,300,True,1,0
141.0,1.0,Baseline,pathfind_neighbor,Sides,300,True,1,0
161.0,1.0,Baseline,pathfind_neighbor,Sides,300,True,1,0
101.0,1.0,Baseline,pathfind_neighbor,Sides,300,True,1,0
171.0,1.0,Baseline,pathfind_neighbor,Sides,300,True,1,0
141.0,1.0,Baseline,pathfind_neighbor,Sides,300,True,1,0
190.0,1.0,Baseline,pathfind_neighbor,Sides,300,True,1,0
131.0,1.0,Baseline,pathfind_neighbor,Sides,300,True,1,0
101.0,1.0,Baseline,pathfind_neighbor,Sides,300,True,1,0
111.0,1.0,Baseline,pathfind_neighbor,Sides,300,True,1,0
131.0,1.0,Baseline,pathfind_neighbor,Sides,300,True,1,0
161.0,1.0,Baseline,pathfind_neighbor,Sides,300,True,1,0
151.0,1.0,Baseline,pathfind_neighbor,Sides,300,True,1,0
151.0,1.0,Baseline,pathfind_neighbor,Sides,300,True,1,0
101.0,1.0,Baseline,pathfind_neighbor,Sides,300,True,1,0
111.0,1.0,Baseline,pathfind_neighbor,Sides,300,True,1,0
121.0,1.0,Baseline,pathfind_neighbor,Sides,300,True,1,0
121.0,1.0,Baseline,pathfind_neighbor,Sides,300,True,1,0
121.0,1.0,Baseline,pathfind_neighbor,Sides,300,True,1,0
151.0,1.0,Baseline,pathfind_neighbor,Sides,300,True,1,0
101.0,1.0,Baseline,pathfind_neighbor,Sides,300,True,1,0
171.0,1.0,Baseline,pathfind_neighbor,Sides,300,True,1,0
141.0,1.0,Baseline,pathfind_neighbor,Sides,300,True,1,0
101.0,1.0,Baseline,pathfind_neighbor,Sides,300,True,1,0
121.0,1.0,Baseline,pathfind_neighbor,Sides,300,True,1,0
121.0,1.0,Baseline,pathfind_neighbor,Sides,300,True,1,0
131.0,1.0,Baseline,pathfind_neighbor,Sides,300,True,1,0
121.0,1.0,Baseline,pathfind_neighbor,Sides,300,True,1,0
101.0,1.0,Baseline,pathfind_neighbor,Sides,300,True,1,0
171.0,1.0,Baseline,pathfind_neighbor,Sides,300,True,1,0
101.0,1.0,Baseline,pathfind_neighbor,Sides,300,True,1,0
141.0,1.0,Baseline,pathfind_neighbor,Sides,300,True,1,0
101.0,1.0,Baseline,pathfind_neighbor,Sides,300,True,1,0
181.0,1.0,Baseline,pathfind_neighbor,Sides,300,True,1,0
111.0,1.0,Baseline,pathfind_neighbor,Sides,300,True,1,0
190.0,1.0,Baseline,pathfind_neighbor,Sides,300,True,1,0
111.0,1.0,Baseline,pathfind_neighbor,Sides,300,True,1,0
171.0,1.0,Baseline,pathfind_neighbor,Sides,300,True,1,0
111.0,1.0,Baseline,pathfind_neighbor,Sides,300,True,1,0
111.0,1.0,Baseline,pathfind_neighbor,Sides,300,True,1,0
190.0,1.0,Baseline,pathfind_neighbor,Sides,300,True,1,0
200.0,1.0,Baseline,pathfind_neighbor,Sides,300,True,1,0
181.0,1.0,Baseline,pathfind_neighbor,Sides,300,True,1,0
101.0,1.0,Baseline,pathfind_neighbor,Sides,300,True,1,0
161.0,1.0,Baseline,pathfind_neighbor,Sides,300,True,1,0
121.0,1.0,Baseline,pathfind_neighbor,Sides,300,True,1,0
190.0,1.0,Baseline,pathfind_neighbor,Sides,300,True,1,0
141.0,1.0,Baseline,pathfind_neighbor,Sides,300,True,1,0
131.0,1.0,Baseline,pathfind_neighbor,Sides,300,True,1,0
161.0,1.0,Baseline,pathfind_neighbor,Sides,300,True,1,0
121.0,1.0,Baseline,pathfind_neighbor,Sides,300,True,1,0
151.0,1.0,Baseline,pathfind_neighbor,Sides,300,True,1,0
190.0,1.0,Baseline,pathfind_neighbor,Sides,300,True,1,0
161.0,1.0,Baseline,pathfind_neighbor,Sides,300,True,1,0
161.0,1.0,Baseline,pathfind_neighbor,Sides,300,True,1,0
151.0,1.0,Baseline,pathfind_neighbor,Sides,300,True,1,0
190.0,1.0,Baseline,pathfind_neighbor,Sides,300,True,1,0
121.0,1.0,Baseline,pathfind_neighbor,Sides,300,True,1,0
111.0,1.0,Baseline,pathfind_neighbor,Sides,300,True,1,0
171.0,1.0,Baseline,pathfind_neighbor,Sides,300,True,1,0
111.0,1.0,Baseline,pathfind_neighbor,Sides,300,True,1,0
131.0,1.0,Baseline,pathfind_neighbor,Sides,300,True,1,0
131.0,1.0,Baseline,pathfind_neighbor,Sides,300,True,1,0
181.0,1.0,Baseline,pathfind_neighbor,Sides,300,True,1,0
151.0,1.0,Baseline,pathfind_neighbor,Sides,300,True,1,0
186.0,1.0,Baseline,pathfind_neighbor,Sides,300,True,1,0
181.0,1.0,Baseline,pathfind_neighbor,Sides,300,True,1,0
190.0,1.0,Baseline,pathfind_neighbor,Sides,300,True,1,0
161.0,1.0,Baseline,pathfind_neighbor,Sides,300,True,1,0
121.0,1.0,Baseline,pathfind_neighbor,Sides,300,True,1,0
200.0,1.0,Baseline,pathfind_neighbor,Sides,300,True,1,0
200.0,1.0,Baseline,pathfind_neighbor,Sides,300,True,1,0
111.0,1.0,Baseline,pathfind_neighbor,Sides,300,True,1,0
181.0,1.0,Baseline,pathfind_neighbor,Sides,300,True,1,0
151.0,1.0,Baseline,pathfind_neighbor,Sides,300,True,1,0
101.0,1.0,Baseline,pathfind_neighbor,Sides,300,True,1,0
131.0,1.0,Baseline,pathfind_neighbor,Sides,300,True,1,0
161.0,1.0,Baseline,pathfind_neighbor,Sides,300,True,1,0
190.0,1.0,Baseline,pathfind_neighbor,Sides,300,True,1,0
200.0,1.0,Baseline,pathfind_neighbor,Sides,300,True,1,0
141.0,1.0,Baseline,pathfind_neighbor,Sides,300,True,1,0
101.0,1.0,Baseline,pathfind_neighbor,Sides,300,True,1,0
141.0,1.0,Baseline,pathfind_neighbor,Sides,300,True,1,0
111.0,1.0,Baseline,pathfind_neighbor,Sides,300,True,1,0
171.0,1.0,Baseline,pathfind_neighbor,Sides,300,True,1,0
200.0,1.0,Baseline,pathfind_neighbor,Sides,300,True,1,0
171.0,1.0,Baseline,pathfind_neighbor,Sides,300,True,1,0
161.0,1.0,Baseline,pathfind_neighbor,Sides,300,True,1,0
121.0,1.0,Baseline,pathfind_neighbor,Sides,300,True,1,0
101.0,1.0,Baseline,pathfind_neighbor,Sides,300,True,1,0
111.0,1.0,Baseline,pathfind_neighbor,Sides,300,True,1,0
111.0,1.0,Baseline,pathfind_neighbor,Sides,300,True,1,0
161.0,1.0,Baseline,pathfind_neighbor,Sides,300,True,1,0
111.0,1.0,Baseline,pathfind_neighbor,Sides,300,True,1,0
101.0,1.0,Baseline,pathfind_neighbor,Sides,300,True,1,0
111.0,1.0,Baseline,pathfind_neighbor,Sides,300,True,1,0
111.0,1.0,Baseline,pathfind_neighbor,Sides,300,True,1,0
171.0,1.0,Baseline,pathfind_neighbor,Sides,300,True,1,0
181.0,1.0,Baseline,pathfind_neighbor,Sides,300,True,1,0
111.0,1.0,Baseline,pathfind_neighbor,Sides,300,True,1,0
141.0,1.0,Baseline,pathfind_neighbor,Sides,300,True,1,0
161.0,1.0,Baseline,pathfind_neighbor,Sides,300,True,1,0
161.0,1.0,Baseline,pathfind_neighbor,Sides,300,True,1,0
121.0,1.0,Baseline,pathfind_neighbor,Sides,300,True,1,0
171.0,1.0,Baseline,pathfind_neighbor,Sides,300,True,1,0
141.0,1.0,Baseline,pathfind_neighbor,Sides,300,True,1,0
161.0,1.0,Baseline,pathfind_neighbor,Sides,300,True,1,0
131.0,1.0,Baseline,pathfind_neighbor,Sides,300,True,1,0
101.0,1.0,Baseline,pathfind_neighbor,Sides,300,True,1,0
151.0,1.0,Baseline,pathfind_neighbor,Sides,300,True,1,0
121.0,1.0,Baseline,pathfind_neighbor,Sides,300,True,1,0
190.0,1.0,Baseline,pathfind_neighbor,Sides,300,True,1,0
111.0,1.0,Baseline,pathfind_neighbor,Sides,300,True,1,0
161.0,1.0,Baseline,pathfind_neighbor,Sides,300,True,1,0
161.0,1.0,Baseline,pathfind_neighbor,Sides,300,True,1,0
101.0,1.0,Baseline,pathfind_neighbor,Sides,300,True,1,0
171.0,1.0,Baseline,pathfind_neighbor,Sides,300,True,1,0
151.0,1.0,Baseline,pathfind_neighbor,Sides,300,True,1,0
151.0,1.0,Baseline,pathfind_neighbor,Sides,300,True,1,0
151.0,1.0,Baseline,pathfind_neighbor,Sides,300,True,1,0
111.0,1.0,Baseline,pathfind_neighbor,Sides,300,True,1,0
161.0,1.0,Baseline,pathfind_neighbor,Sides,300,True,1,0
141.0,1.0,Baseline,pathfind_neighbor,Sides,300,True,1,0
121.0,1.0,Baseline,pathfind_neighbor,Sides,300,True,1,0
121.0,1.0,Baseline,pathfind_neighbor,Sides,300,True,1,0
111.0,1.0,Baseline,pathfind_neighbor,Sides,300,True,1,0
111.0,1.0,Baseline,pathfind_neighbor,Sides,300,True,1,0
151.0,1.0,Baseline,pathfind_neighbor,Sides,300,True,1,0
171.0,1.0,Baseline,pathfind_neighbor,Sides,300,True,1,0
131.0,1.0,Baseline,pathfind_neighbor,Sides,300,True,1,0
111.0,1.0,Baseline,pathfind_neighbor,Sides,300,True,1,0
151.0,1.0,Baseline,pathfind_neighbor,Sides,300,True,1,0
121.0,1.0,Baseline,pathfind_neighbor,Sides,300,True,1,0
111.0,1.0,Baseline,pathfind_neighbor,Sides,300,True,1,0
151.0,1.0,Baseline,pathfind_neighbor,Sides,300,True,1,0
105.0,1.0,Baseline,pathfind_neighbor,Sides,300,True,1,0
111.0,1.0,Baseline,pathfind_neighbor,Sides,300,True,1,0
181.0,1.0,Baseline,pathfind_neighbor,Sides,300,True,1,0
121.0,1.0,Baseline,pathfind_neighbor,Sides,300,True,1,0
101.0,1.0,Baseline,pathfind_neighbor,Sides,300,True,1,0
181.0,1.0,Baseline,pathfind_neighbor,Sides,300,True,1,0
161.0,1.0,Baseline,pathfind_neighbor,Sides,300,True,1,0
131.0,1.0,Baseline,pathfind_neighbor,Sides,300,True,1,0
141.0,1.0,Baseline,pathfind_neighbor,Sides,300,True,1,0
190.0,1.0,Baseline,pathfind_neighbor,Sides,300,True,1,0
181.0,1.0,Baseline,pathfind_neighbor,Sides,300,True,1,0
101.0,1.0,Baseline,pathfind_neighbor,Sides,300,True,1,0
200.0,1.0,Baseline,pathfind_neighbor,Sides,300,True,1,0
131.0,1.0,Baseline,pathfind_neighbor,Sides,300,True,1,0
151.0,1.0,Baseline,pathfind_neighbor,Sides,300,True,1,0
200.0,1.0,Baseline,pathfind_neighbor,Sides,300,True,1,0
111.0,1.0,Baseline,pathfind_neighbor,Sides,300,True,1,0
141.0,1.0,Baseline,pathfind_neighbor,Sides,300,True,1,0
167.0,1.0,Baseline,pathfind_neighbor,Sides,300,True,1,0
151.0,1.0,Baseline,pathfind_neighbor,Sides,300,True,1,0
190.0,1.0,Baseline,pathfind_neighbor,Sides,300,True,1,0
151.0,1.0,Baseline,pathfind_neighbor,Sides,300,True,1,0
111.0,1.0,Baseline,pathfind_neighbor,Sides,300,True,1,0
131.0,1.0,Baseline,pathfind_neighbor,Sides,300,True,1,0
161.0,1.0,Baseline,pathfind_neighbor,Sides,300,True,1,0
171.0,1.0,Baseline,pathfind_neighbor,Sides,300,True,1,0
111.0,1.0,Baseline,pathfind_neighbor,Sides,300,True,1,0
121.0,1.0,Baseline,pathfind_neighbor,Sides,300,True,1,0
141.0,1.0,Baseline,pathfind_neighbor,Sides,300,True,1,0
131.0,1.0,Baseline,pathfind_neighbor,Sides,300,True,1,0
121.0,1.0,Baseline,pathfind_neighbor,Sides,300,True,1,0
101.0,1.0,Baseline,pathfind_neighbor,Sides,300,True,1,0
121.0,1.0,Baseline,pathfind_neighbor,Sides,300,True,1,0
121.0,1.0,Baseline,pathfind_neighbor,Sides,300,True,1,0
111.0,1.0,Baseline,pathfind_neighbor,Sides,300,True,1,0
181.0,1.0,Baseline,pathfind_neighbor,Sides,300,True,1,0
101.0,1.0,Baseline,pathfind_neighbor,Sides,300,True,1,0
171.0,1.0,Baseline,pathfind_neighbor,Sides,300,True,1,0
161.0,1.0,Baseline,pathfind_neighbor,Sides,300,True,1,0
111.0,1.0,Baseline,pathfind_neighbor,Sides,300,True,1,0
181.0,1.0,Baseline,pathfind_neighbor,Sides,300,True,1,0
101.0,1.0,Baseline,pathfind_neighbor,Sides,300,True,1,0
163.0,1.0,Baseline,pathfind_neighbor,Sides,300,True,1,0
161.0,1.0,Baseline,pathfind_neighbor,Sides,300,True,1,0
131.0,1.0,Baseline,pathfind_neighbor,Sides,300,True,1,0
111.0,1.0,Baseline,pathfind_neighbor,Sides,300,True,1,0
141.0,1.0,Baseline,pathfind_neighbor,Sides,300,True,1,0
151.0,1.0,Baseline,pathfind_neighbor,Sides,300,True,1,0
151.0,1.0,Baseline,pathfind_neighbor,Sides,300,True,1,0
121.0,1.0,Baseline,pathfind_neighbor,Sides,300,True,1,0
151.0,1.0,Baseline,pathfind_neighbor,Sides,300,True,1,0
121.0,1.0,Baseline,pathfind_neighbor,Sides,300,True,1,0
101.0,1.0,Baseline,pathfind_neighbor,Sides,300,True,1,0
200.0,1.0,Baseline,pathfind_neighbor,Sides,300,True,1,0
111.0,1.0,Baseline,pathfind_neighbor,Sides,300,True,1,0
111.0,1.0,Baseline,pathfind_neighbor,Sides,300,True,1,0
130.0,1.0,Baseline,pathfind_neighbor,Sides,300,True,1,0
141.0,1.0,Baseline,pathfind_neighbor,Sides,300,True,1,0
131.0,1.0,Baseline,pathfind_neighbor,Sides,300,True,1,0
190.0,1.0,Baseline,pathfind_neighbor,Sides,300,True,1,0
141.0,1.0,Baseline,pathfind_neighbor,Sides,300,True,1,0
200.0,1.0,Baseline,pathfind_neighbor,Sides,300,True,1,0
151.0,1.0,Baseline,pathfind_neighbor,Sides,300,True,1,0
161.0,1.0,Baseline,pathfind_neighbor,Sides,300,True,1,0
111.0,1.0,Baseline,pathfind_neighbor,Sides,300,True,1,0
121.0,1.0,Baseline,pathfind_neighbor,Sides,300,True,1,0
107.0,1.0,Baseline,pathfind_neighbor,Sides,300,True,1,0
141.0,1.0,Baseline,pathfind_neighbor,Sides,300,True,1,0
151.0,1.0,Baseline,pathfind_neighbor,Sides,300,True,1,0
131.0,1.0,Baseline,pathfind_neighbor,Sides,300,True,1,0
190.0,1.0,Baseline,pathfind_neighbor,Sides,300,True,1,0
118.0,1.0,Baseline,pathfind_neighbor,Sides,300,True,1,0
131.0,1.0,Baseline,pathfind_neighbor,Sides,300,True,1,0
141.0,1.0,Baseline,pathfind_neighbor,Sides,300,True,1,0
171.0,1.0,Baseline,pathfind_neighbor,Sides,300,True,1,0
111.0,1.0,Baseline,pathfind_neighbor,Sides,300,True,1,0
131.0,1.0,Baseline,pathfind_neighbor,Sides,300,True,1,0
171.0,1.0,Baseline,pathfind_neighbor,Sides,300,True,1,0
141.0,1.0,Baseline,pathfind_neighbor,Sides,300,True,1,0
101.0,1.0,Baseline,pathfind_neighbor,Sides,300,True,1,0
111.0,1.0,Baseline,pathfind_neighbor,Sides,300,True,1,0
161.0,1.0,Baseline,pathfind_neighbor,Sides,300,True,1,0
121.0,1.0,Baseline,pathfind_neighbor,Sides,300,True,1,0
111.0,1.0,Baseline,pathfind_neighbor,Sides,300,True,1,0
151.0,1.0,Baseline,pathfind_neighbor,Sides,300,True,1,0
181.0,1.0,Baseline,pathfind_neighbor,Sides,300,True,1,0
141.0,1.0,Baseline,pathfind_neighbor,Sides,300,True,1,0
171.0,1.0,Baseline,pathfind_neighbor,Sides,300,True,1,0
141.0,1.0,Baseline,pathfind_neighbor,Sides,300,True,1,0
101.0,1.0,Baseline,pathfind_neighbor,Sides,300,True,1,0
121.0,1.0,Baseline,pathfind_neighbor,Sides,300,True,1,0
111.0,1.0,Baseline,pathfind_neighbor,Sides,300,True,1,0
161.0,1.0,Baseline,pathfind_neighbor,Sides,300,True,1,0
200.0,1.0,Baseline,pathfind_neighbor,Sides,300,True,1,0
111.0,1.0,Baseline,pathfind_neighbor,Sides,300,True,1,0
131.0,1.0,Baseline,pathfind_neighbor,Sides,300,True,1,0
181.0,1.0,Baseline,pathfind_neighbor,Sides,300,True,1,0
101.0,1.0,Baseline,pathfind_neighbor,Sides,300,True,1,0
121.0,1.0,Baseline,pathfind_neighbor,Sides,300,True,1,0
192.0,1.0,Baseline,pathfind_neighbor,Sides,300,True,1,0
190.0,1.0,Baseline,pathfind_neighbor,Sides,300,True,1,0
161.0,1.0,Baseline,pathfind_neighbor,Sides,300,True,1,0
171.0,1.0,Baseline,pathfind_neighbor,Sides,300,True,1,0
101.0,1.0,Baseline,pathfind_neighbor,Sides,300,True,1,0
161.0,1.0,Baseline,pathfind_neighbor,Sides,300,True,1,0
190.0,1.0,Baseline,pathfind_neighbor,Sides,300,True,1,0
101.0,1.0,Baseline,pathfind_neighbor,Sides,300,True,1,0
200.0,1.0,Baseline,pathfind_neighbor,Sides,300,True,1,0
161.0,1.0,Baseline,pathfind_neighbor,Sides,300,True,1,0
171.0,1.0,Baseline,pathfind_neighbor,Sides,300,True,1,0
101.0,1.0,Baseline,pathfind_neighbor,Sides,300,True,1,0
131.0,1.0,Baseline,pathfind_neighbor,Sides,300,True,1,0
111.0,1.0,Baseline,pathfind_neighbor,Sides,300,True,1,0
121.0,1.0,Baseline,pathfind_neighbor,Sides,300,True,1,0
131.0,1.0,Baseline,pathfind_neighbor,Sides,300,True,1,0
151.0,1.0,Baseline,pathfind_neighbor,Sides,300,True,1,0
161.0,1.0,Baseline,pathfind_neighbor,Sides,300,True,1,0
121.0,1.0,Baseline,pathfind_neighbor,Sides,300,True,1,0
161.0,1.0,Baseline,pathfind_neighbor,Sides,300,True,1,0
121.0,1.0,Baseline,pathfind_neighbor,Sides,300,True,1,0
141.0,1.0,Baseline,pathfind_neighbor,Sides,300,True,1,0
181.0,1.0,Baseline,pathfind_neighbor,Sides,300,True,1,0
